Query #1:
Keywords: 311  212  689  
Locations: 19.2862  -45.7952  

3
29096:	(2) 	949  877  357  321  307  689  
8862:	(2) 	264  463  311  341  
178376:	(2) 	1182  75  78  212  85  

Dist: 45.4468
B:45.8237
Weight: 2
Time: 0.003850

Query #2:
Keywords: 1158  590  328  
Locations: 1.9437  -21.8236  

3
51651:	(2) 	1058  707  328  614  282  
183474:	(2) 	804  105  750  590  691  743  1005  
177702:	(2) 	439  6  949  440  1158  

Dist: 80.2898
B:81.1649
Weight: 2
Time: 0.000637

Query #3:
Keywords: 169  1264  677  
Locations: 5.3206  -96.8097  

3
27963:	(2) 	706  677  965  
179654:	(2) 	707  1263  1058  111  1264  
139920:	(2) 	1058  5  169  1275  431  470  651  417  1294  

Dist: 31.8531
B:38.0813
Weight: 2
Time: 0.000739

Query #4:
Keywords: 352  992  1108  
Locations: 7.7077  -92.1334  

3
179669:	(2) 	1108  828  359  547  
6987:	(2) 	707  569  1058  833  580  992  482  481  
136872:	(2) 	1058  463  516  352  

Dist: 30.3314
B:35.5980
Weight: 2
Time: 0.000830

Query #5:
Keywords: 320  449  521  
Locations: 40.5941  -52.7617  

3
41026:	(3) 	1058  5  8  834  522  431  521  1105  
111162:	(2) 	804  449  105  1005  1106  
38353:	(4) 	417  1275  320  

Dist: 21.4850
B:25.6697
Weight: 4
Time: 0.000396

Query #6:
Keywords: 784  702  307  
Locations: 12.7223  -103.4280  

3
57773:	(2) 	689  400  321  949  307  
107503:	(2) 	1058  702  431  
17914:	(2) 	269  784  385  65  384  

Dist: 22.5530
B:26.6816
Weight: 2
Time: 0.000511

Query #7:
Keywords: 1126  539  902  
Locations: 7.3048  -91.2342  

3
42547:	(2) 	902  294  117  463  372  288  1058  
40927:	(2) 	846  479  375  539  761  456  580  
66895:	(2) 	8  707  384  1126  239  936  

Dist: 29.7755
B:35.4444
Weight: 2
Time: 0.000810

Query #8:
Keywords: 1128  678  864  
Locations: 49.9206  -104.3082  

3
117637:	(3) 	651  1058  1264  506  864  
12446:	(3) 	679  678  862  580  
109826:	(2) 	65  1128  958  

Dist: 10.1590
B:11.7915
Weight: 3
Time: 0.000480

Query #9:
Keywords: 513  99  697  
Locations: 13.3414  -4.2940  

3
85117:	(2) 	440  79  547  697  629  570  549  
15433:	(2) 	513  707  941  15  1064  949  
49876:	(2) 	331  357  440  689  949  99  410  

Dist: 81.3526
B:91.6704
Weight: 2
Time: 0.002701

Query #10:
Keywords: 725  878  324  
Locations: 41.9700  -79.4697  

3
98216:	(2) 	804  324  1186  852  417  105  262  604  101  854  
181244:	(2) 	1058  878  
96163:	(2) 	979  725  

Dist: 1.9032
B:1.9280
Weight: 2
Time: 0.000739

Query #11:
Keywords: 80  55  311  
Locations: 42.3081  -106.4309  

3
104012:	(2) 	311  413  463  264  341  1005  96  165  1238  313  
154178:	(2) 	8  661  707  55  790  1058  384  239  852  417  936  
115132:	(2) 	208  85  1230  80  

Dist: 10.5047
B:12.3665
Weight: 2
Time: 0.000481

Query #12:
Keywords: 564  437  342  
Locations: 37.3271  -94.3274  

3
25039:	(3) 	154  715  786  437  1058  65  274  706  
38395:	(2) 	155  1058  564  154  715  786  274  
5691:	(3) 	359  547  736  343  342  

Dist: 7.7798
B:8.0890
Weight: 3
Time: 0.001142

Query #13:
Keywords: 328  1110  1247  
Locations: 49.0991  -3.6683  

3
161742:	(2) 	1058  725  949  255  1167  902  65  1247  
138338:	(2) 	431  1110  1105  1058  
73368:	(2) 	282  1087  1273  1058  707  614  328  154  715  786  949  1249  

Dist: 82.2888
B:84.0100
Weight: 2
Time: 0.000611

Query #14:
Keywords: 174  273  357  
Locations: 43.2609  -89.7196  

3
74177:	(3) 	245  174  1005  
179635:	(4) 	1005  102  34  273  
117140:	(3) 	949  357  689  

Dist: 0.3494
B:0.3729
Weight: 4
Time: 0.001402

Query #15:
Keywords: 546  632  199  
Locations: 38.0365  -46.8506  

3
54596:	(2) 	199  617  463  1098  248  
99212:	(2) 	359  683  531  1074  632  117  547  
176175:	(2) 	546  1236  707  1058  1184  

Dist: 33.2761
B:33.3068
Weight: 2
Time: 0.000983

Query #16:
Keywords: 636  416  806  
Locations: 14.5970  -79.3090  

3
159946:	(2) 	716  932  1054  965  941  707  806  
39330:	(2) 	900  416  417  1046  
9797:	(2) 	636  1039  1166  949  580  

Dist: 20.9484
B:24.6272
Weight: 2
Time: 0.000937

Query #17:
Keywords: 501  702  504  
Locations: 3.3533  -45.0450  

3
163298:	(2) 	504  33  1005  197  
18431:	(2) 	702  431  12  1058  
190744:	(2) 	1058  501  460  

Dist: 47.8808
B:57.3034
Weight: 2
Time: 0.000885

Query #18:
Keywords: 470  1107  410  
Locations: 51.2165  -37.9418  

3
13379:	(2) 	852  8  1243  32  50  88  417  1107  990  804  
116218:	(2) 	431  470  5  1058  1294  
49876:	(2) 	331  357  440  689  949  99  410  

Dist: 42.4005
B:43.3041
Weight: 2
Time: 0.002155

Query #19:
Keywords: 269  1184  762  
Locations: 27.6928  -25.4043  

3
189609:	(2) 	764  614  1165  1058  707  762  
13605:	(2) 	1236  1184  1058  
191312:	(2) 	728  384  1099  726  611  547  269  271  117  993  

Dist: 61.3389
B:61.5968
Weight: 2
Time: 0.004457

Query #20:
Keywords: 148  1037  1236  
Locations: 41.4479  -86.8147  

3
118348:	(2) 	1236  1184  546  1058  
71062:	(6) 	463  516  1098  1037  
190269:	(5) 	144  949  1058  85  146  775  148  8  774  

Dist: 2.2530
B:2.3372
Weight: 6
Time: 0.000571

Query #21:
Keywords: 506  550  524  
Locations: 27.4446  -61.7713  

3
4439:	(2) 	580  1231  917  1044  1266  707  524  
136928:	(2) 	550  826  1098  1005  463  174  190  1239  
124612:	(2) 	864  331  45  949  1058  440  506  707  

Dist: 21.4630
B:24.7211
Weight: 2
Time: 0.000644

Query #22:
Keywords: 781  12  936  
Locations: 30.9518  -57.7779  

3
151009:	(2) 	936  384  392  944  
112395:	(2) 	1058  702  12  431  
125361:	(2) 	1040  710  781  580  604  1207  707  

Dist: 21.5803
B:25.7722
Weight: 2
Time: 0.000917

Query #23:
Keywords: 314  226  465  
Locations: 34.4845  -13.6143  

3
116428:	(2) 	465  1005  432  1025  
97683:	(2) 	580  707  223  949  816  226  
138302:	(2) 	573  314  1058  569  878  501  64  460  

Dist: 66.8153
B:73.1636
Weight: 2
Time: 0.000476

Query #24:
Keywords: 214  297  504  
Locations: 7.3939  -69.9117  

3
120295:	(2) 	504  1238  653  1239  1005  463  
131576:	(2) 	949  65  547  297  218  696  384  1128  958  957  
146418:	(2) 	1287  78  85  214  

Dist: 30.0802
B:35.7448
Weight: 2
Time: 0.000706

Query #25:
Keywords: 679  724  1059  
Locations: 12.4597  -106.1007  

3
114086:	(2) 	1058  1059  
159845:	(2) 	483  1058  569  833  87  1049  862  580  724  630  482  573  707  
192396:	(2) 	1208  487  580  679  

Dist: 21.6785
B:25.9283
Weight: 2
Time: 0.001301

Query #26:
Keywords: 827  275  762  
Locations: 27.8398  -4.5196  

3
75594:	(2) 	763  707  614  764  1058  762  
145306:	(2) 	580  707  984  988  275  45  
115800:	(2) 	827  337  494  955  292  547  1164  117  

Dist: 71.7724
B:85.5115
Weight: 2
Time: 0.000912

Query #27:
Keywords: 185  474  504  
Locations: 2.2592  -97.1523  

3
34833:	(2) 	34  804  1005  1106  504  105  
122154:	(2) 	474  1005  
138148:	(2) 	185  750  1005  463  

Dist: 34.5216
B:41.1782
Weight: 2
Time: 0.000975

Query #28:
Keywords: 579  142  275  
Locations: 39.0680  -52.9683  

3
145306:	(2) 	580  707  984  988  275  45  
20237:	(2) 	529  718  532  533  142  117  
57367:	(3) 	1058  579  580  483  569  630  573  

Dist: 21.7123
B:25.9272
Weight: 3
Time: 0.000535

Query #29:
Keywords: 227  673  641  
Locations: 22.8005  -4.8345  

3
110380:	(2) 	580  678  679  724  641  
10608:	(2) 	190  227  804  174  1005  65  
179821:	(2) 	673  547  343  

Dist: 81.5761
B:86.8632
Weight: 2
Time: 0.002614

Query #30:
Keywords: 524  771  1136  
Locations: 38.8022  -61.2607  

3
111143:	(2) 	851  1136  8  
147602:	(3) 	580  440  984  770  771  
30785:	(3) 	287  1015  580  471  524  1271  

Dist: 14.0562
B:16.8258
Weight: 3
Time: 0.000485

Query #31:
Keywords: 14  282  529  
Locations: 30.7426  -3.9220  

3
20237:	(2) 	529  718  532  533  142  117  
46733:	(2) 	64  460  417  817  282  1058  217  
138436:	(2) 	354  1005  14  34  656  105  967  177  804  

Dist: 71.3676
B:85.3409
Weight: 2
Time: 0.000891

Query #32:
Keywords: 213  1133  225  
Locations: 44.3694  -67.8221  

3
126303:	(3) 	225  287  1181  456  580  226  
41805:	(2) 	359  1276  1133  736  547  
154712:	(2) 	85  76  213  

Dist: 5.9087
B:7.0363
Weight: 3
Time: 0.000726

Query #33:
Keywords: 1247  414  408  
Locations: 31.2802  -105.5769  

3
28456:	(2) 	65  8  408  
166943:	(2) 	1098  1005  245  463  414  174  
147882:	(2) 	949  1247  

Dist: 6.7327
B:7.7911
Weight: 2
Time: 0.000850

Query #34:
Keywords: 1191  465  469  
Locations: 11.8472  -69.6456  

3
27242:	(2) 	463  228  102  467  469  417  1093  1005  1080  
42955:	(2) 	465  1005  
106354:	(2) 	1191  564  1058  

Dist: 26.0040
B:30.9392
Weight: 2
Time: 0.000870

Query #35:
Keywords: 982  872  878  
Locations: 10.9367  -104.3081  

3
186082:	(2) 	1058  878  
175936:	(2) 	1074  1155  420  872  718  117  421  
145479:	(2) 	982  245  646  1005  

Dist: 23.8377
B:28.3831
Weight: 2
Time: 0.000593

Query #36:
Keywords: 915  733  78  
Locations: 18.7718  -109.8351  

3
115160:	(2) 	1287  151  85  78  
43507:	(2) 	933  177  165  1005  463  1022  1098  733  
149770:	(2) 	35  915  852  8  684  1243  661  625  417  

Dist: 14.7507
B:17.5624
Weight: 2
Time: 0.000823

Query #37:
Keywords: 449  175  656  
Locations: 48.9883  -40.2684  

3
185322:	(2) 	604  603  656  1005  804  708  105  417  
17945:	(2) 	287  846  937  175  572  679  580  
112805:	(2) 	1005  449  1036  

Dist: 40.1088
B:40.1615
Weight: 2
Time: 0.002071

Query #38:
Keywords: 35  326  210  
Locations: 29.8863  -67.2900  

3
115729:	(2) 	210  604  
69272:	(2) 	451  326  8  
78376:	(2) 	8  35  1136  

Dist: 15.3283
B:17.2775
Weight: 2
Time: 0.000785

Query #39:
Keywords: 80  975  324  
Locations: 13.7243  -70.4414  

3
79967:	(2) 	1005  324  33  65  105  788  804  348  
99915:	(2) 	819  975  277  707  427  85  82  
156499:	(2) 	100  984  580  440  80  770  638  85  

Dist: 23.9206
B:28.6654
Weight: 2
Time: 0.000656

Query #40:
Keywords: 1085  697  679  
Locations: 24.3209  -107.6951  

3
192396:	(2) 	1208  487  580  679  
5750:	(2) 	440  629  697  570  79  
50256:	(2) 	1005  466  1085  34  463  65  33  

Dist: 10.1165
B:11.8312
Weight: 2
Time: 0.000801

Query #41:
Keywords: 725  169  639  
Locations: 28.4104  -14.3831  

3
13749:	(2) 	1058  169  470  1047  651  707  431  
13641:	(2) 	513  940  1033  949  707  941  1034  1064  725  
186193:	(2) 	640  105  804  639  1005  967  

Dist: 70.0277
B:74.0045
Weight: 2
Time: 0.003085

Query #42:
Keywords: 521  1093  1176  
Locations: 12.4190  -30.4358  

3
81031:	(2) 	420  531  417  555  532  117  1176  
9563:	(2) 	165  177  490  1093  263  1005  1106  105  804  33  
192389:	(2) 	8  522  1058  1105  521  

Dist: 61.7524
B:65.2509
Weight: 2
Time: 0.003267

Query #43:
Keywords: 630  133  877  
Locations: 31.1797  -98.3774  

3
13882:	(2) 	949  496  689  307  877  357  
8587:	(2) 	40  580  1058  287  175  630  
182343:	(2) 	707  1105  1058  133  137  

Dist: 14.1323
B:16.2112
Weight: 2
Time: 0.003760

Query #44:
Keywords: 641  1226  952  
Locations: 2.9383  -38.8299  

3
124048:	(2) 	984  42  580  952  
9533:	(2) 	359  1226  547  736  
184717:	(2) 	487  1208  679  641  580  

Dist: 52.9808
B:63.3291
Weight: 2
Time: 0.000888

Query #45:
Keywords: 546  490  871  
Locations: 7.1957  -61.1109  

3
191886:	(2) 	337  402  547  494  871  292  
69684:	(2) 	1005  911  490  643  
126471:	(2) 	1184  546  1058  1236  

Dist: 34.3021
B:40.9097
Weight: 2
Time: 0.000874

Query #46:
Keywords: 788  357  1095  
Locations: 38.4699  -45.8714  

3
86955:	(2) 	357  689  949  
6646:	(2) 	324  105  788  354  804  65  
48570:	(2) 	34  1005  749  801  102  1095  1093  1173  33  

Dist: 34.0900
B:34.2863
Weight: 2
Time: 0.002125

Query #47:
Keywords: 771  902  410  
Locations: 18.0084  -2.7176  

3
121684:	(2) 	689  410  949  
19651:	(2) 	463  1058  294  288  902  372  117  
25256:	(2) 	440  80  100  771  85  439  

Dist: 84.3376
B:91.1971
Weight: 2
Time: 0.003585

Query #48:
Keywords: 1093  867  251  
Locations: 27.9061  -40.4120  

3
44157:	(2) 	251  999  
145222:	(2) 	526  8  281  359  451  736  707  547  867  596  397  
71971:	(2) 	1090  1093  192  1005  

Dist: 37.6310
B:45.0502
Weight: 2
Time: 0.000641

Query #49:
Keywords: 529  857  790  
Locations: 4.8978  -41.5717  

3
130005:	(2) 	790  1099  945  384  1058  
169301:	(2) 	417  96  311  463  341  857  
90204:	(2) 	529  117  718  532  

Dist: 49.6663
B:59.3250
Weight: 2
Time: 0.000922

Query #50:
Keywords: 864  422  926  
Locations: 43.5563  -115.2855  

3
24548:	(2) 	580  569  601  287  926  1058  925  
30540:	(2) 	1058  547  824  422  
169834:	(2) 	864  440  232  651  390  1058  

Dist: 7.4767
B:8.7568
Weight: 2
Time: 0.000995

